        carrier_name         | claims | total_rcv  | avg_days_to_report | median_approval_days | p90_approval_days | worst_approval_days | vs_benchmark_days | avg_supplements | approval_days_no_supp | approval_days_2plus_supp | denied | denial_rate_pct | ar_outstanding 
-----------------------------+--------+------------+--------------------+----------------------+-------------------+---------------------+-------------------+-----------------+-----------------------+--------------------------+--------+-----------------+----------------
 Halcyon Insurance Group     |     48 | 1114768.75 |                1.8 |                 48.0 |              66.0 |                  80 |               7.0 |            0.81 |                  40.7 |                     65.5 |      0 |             0.0 |       93826.76
 Northstar Indemnity         |     45 | 1297792.18 |                2.3 |                 48.0 |              71.2 |                  80 |              10.0 |            1.07 |                  37.5 |                     61.1 |      1 |             2.2 |      182895.73
 Ironbridge Mutual           |     58 | 1626542.62 |                1.8 |                 46.5 |              64.9 |                  76 |              12.5 |            1.03 |                  32.7 |                     57.4 |      4 |             6.9 |      111191.41
 Keystone Indemnity          |     43 |  828998.24 |                1.6 |                 45.0 |              55.8 |                  68 |              12.0 |            0.84 |                  36.1 |                     53.8 |      2 |             4.7 |      102247.44
 Cascade General             |     49 | 1323225.43 |                2.0 |                 40.0 |              53.0 |                  70 |               9.0 |            0.88 |                  32.9 |                     51.2 |      0 |             0.0 |      215088.42
 Bluewater Casualty          |     42 | 1125491.83 |                2.0 |                 37.0 |              57.4 |                  69 |              10.0 |            1.05 |                  27.4 |                     54.6 |      1 |             2.4 |       80300.96
 Summit Mutual               |     55 | 1572927.81 |                1.6 |                 33.5 |              52.5 |                  55 |               9.5 |            0.89 |                  27.1 |                     50.0 |      5 |             9.1 |      252891.68
 Vantage Property & Casualty |     43 |  907708.12 |                1.9 |                 33.0 |              41.0 |                  59 |              11.0 |            0.86 |                  26.9 |                     44.6 |      0 |             0.0 |       11188.12
 Larkspur Mutual             |     52 | 1039670.27 |                1.5 |                 33.0 |              49.3 |                  63 |               7.0 |            0.81 |                  28.2 |                     49.6 |      3 |             5.8 |       82576.25
 Meridian Assurance          |     39 | 1646138.94 |                1.9 |                 26.5 |              40.2 |                  51 |               7.5 |            0.82 |                  21.7 |                     40.4 |      1 |             2.6 |       91582.22
(10 rows)

