   month    |  label   | leads | won | decided | close_rate_pct | revenue_sold | water_leads | storm_leads | leads_ly | leads_yoy_pct | trend_12mo | seasonal_index 
------------+----------+-------+-----+---------+----------------+--------------+-------------+-------------+----------+---------------+------------+----------------
 2024-01-01 | Jan 2024 |    64 |  24 |      64 |           37.5 |    773404.04 |          31 |           7 |          |               |            |               
 2024-02-01 | Feb 2024 |    57 |  18 |      57 |           31.6 |    655833.54 |          32 |           6 |          |               |            |               
 2024-03-01 | Mar 2024 |    44 |  11 |      44 |           25.0 |    161932.12 |          19 |           3 |          |               |            |               
 2024-04-01 | Apr 2024 |    42 |  18 |      42 |           42.9 |    317441.02 |          18 |           7 |          |               |            |               
 2024-05-01 | May 2024 |    77 |  32 |      77 |           41.6 |    584364.36 |          21 |          28 |          |               |            |               
 2024-06-01 | Jun 2024 |    70 |  22 |      70 |           31.4 |    617081.49 |          13 |          31 |          |               |            |               
 2024-07-01 | Jul 2024 |    80 |  26 |      80 |           32.5 |    625579.12 |          24 |          35 |          |               |       52.3 |            153
 2024-08-01 | Aug 2024 |    46 |  16 |      46 |           34.8 |    308394.66 |          15 |           8 |          |               |       53.5 |             86
 2024-09-01 | Sep 2024 |    43 |  15 |      43 |           34.9 |    488840.38 |          15 |           5 |          |               |       54.8 |             79
 2024-10-01 | Oct 2024 |    43 |  15 |      43 |           34.9 |    359614.01 |          22 |           3 |          |               |       55.3 |             78
 2024-11-01 | Nov 2024 |    27 |   9 |      27 |           33.3 |    301227.00 |          12 |           2 |          |               |       56.3 |             48
 2024-12-01 | Dec 2024 |    35 |  14 |      35 |           40.0 |    474284.05 |          15 |           3 |          |               |       57.0 |             61
 2025-01-01 | Jan 2025 |    78 |  28 |      78 |           35.9 |   1010509.33 |          40 |           4 |       64 |          21.9 |       58.7 |            133
 2025-02-01 | Feb 2025 |    72 |  23 |      72 |           31.9 |    626202.23 |          36 |           6 |       57 |          26.3 |       59.9 |            120
 2025-03-01 | Mar 2025 |    50 |  15 |      50 |           30.0 |    438108.26 |          17 |          10 |       44 |          13.6 |       60.2 |             83
 2025-04-01 | Apr 2025 |    55 |  18 |      55 |           32.7 |    355848.08 |          25 |           7 |       42 |          31.0 |       60.7 |             91
 2025-05-01 | May 2025 |    85 |  22 |      85 |           25.9 |    509825.93 |          18 |          38 |       77 |          10.4 |       61.4 |            138
 2025-06-01 | Jun 2025 |    90 |  32 |      90 |           35.6 |   1068239.06 |          27 |          36 |       70 |          28.6 |       62.3 |            145
 2025-07-01 | Jul 2025 |    95 |  34 |      95 |           35.8 |    876914.82 |          26 |          36 |       80 |          18.8 |       62.9 |            151
 2025-08-01 | Aug 2025 |    49 |  18 |      49 |           36.7 |    368348.23 |          27 |           6 |       46 |           6.5 |       63.8 |             77
 2025-09-01 | Sep 2025 |    49 |  14 |      49 |           28.6 |    336602.58 |          16 |           7 |       43 |          14.0 |       64.7 |             76
 2025-10-01 | Oct 2025 |    52 |  12 |      52 |           23.1 |    199816.53 |          16 |           7 |       43 |          20.9 |       66.1 |             79
 2025-11-01 | Nov 2025 |    37 |  10 |      37 |           27.0 |    329943.49 |          13 |           5 |       27 |          37.0 |       66.5 |             56
 2025-12-01 | Dec 2025 |    43 |  15 |      43 |           34.9 |    471682.48 |          13 |           9 |       35 |          22.9 |       67.6 |             64
 2026-01-01 | Jan 2026 |    89 |  27 |      89 |           30.3 |    696653.01 |          45 |           7 |       78 |          14.1 |       68.5 |            130
 2026-02-01 | Feb 2026 |    82 |  24 |      82 |           29.3 |    574876.53 |          48 |           8 |       72 |          13.9 |       69.5 |            118
 2026-03-01 | Mar 2026 |    67 |  26 |      67 |           38.8 |    720055.52 |          28 |           8 |       50 |          34.0 |       69.8 |             96
 2026-04-01 | Apr 2026 |    60 |  20 |      60 |           33.3 |    559056.17 |          22 |           9 |       55 |           9.1 |            |               
 2026-05-01 | May 2026 |    98 |  40 |      98 |           40.8 |    835112.59 |          40 |          32 |       85 |          15.3 |            |               
 2026-06-01 | Jun 2026 |   101 |  38 |     101 |           37.6 |   1004460.82 |          26 |          35 |       90 |          12.2 |            |               
 2026-07-01 | Jul 2026 |   107 |  37 |     107 |           34.6 |    911359.55 |          27 |          38 |       95 |          12.6 |            |               
 2026-08-01 | Aug 2026 |    52 |   5 |      15 |           33.3 |    116951.57 |          24 |           6 |       49 |           6.1 |            |               
(32 rows)

 month_num | month_name | years_observed | total_leads | avg_leads_per_year | pct_water | pct_storm | index_vs_avg_month 
-----------+------------+----------------+-------------+--------------------+-----------+-----------+--------------------
         1 | Jan        |              3 |         231 |               77.0 |      50.2 |       7.8 |                126
         2 | Feb        |              3 |         211 |               70.3 |      55.0 |       9.5 |                115
         3 | Mar        |              3 |         161 |               53.7 |      39.8 |      13.0 |                 88
         4 | Apr        |              3 |         157 |               52.3 |      41.4 |      14.6 |                 86
         5 | May        |              3 |         260 |               86.7 |      30.4 |      37.7 |                142
         6 | Jun        |              3 |         261 |               87.0 |      25.3 |      39.1 |                142
         7 | Jul        |              3 |         282 |               94.0 |      27.3 |      38.7 |                154
         8 | Aug        |              3 |         147 |               49.0 |      44.9 |      13.6 |                 80
         9 | Sep        |              2 |          92 |               46.0 |      33.7 |      13.0 |                 75
        10 | Oct        |              2 |          95 |               47.5 |      40.0 |      10.5 |                 78
        11 | Nov        |              2 |          64 |               32.0 |      39.1 |      10.9 |                 52
        12 | Dec        |              2 |          78 |               39.0 |      35.9 |      15.4 |                 64
(12 rows)

 cohort_quarter | sources_in_cohort | quarters_since_first | still_active | retention_pct 
----------------+-------------------+----------------------+--------------+---------------
 2024-01-01     |                41 |                    0 |           41 |         100.0
 2024-01-01     |                41 |                    1 |           37 |          90.2
 2024-01-01     |                41 |                    2 |           38 |          92.7
 2024-01-01     |                41 |                    3 |           36 |          87.8
 2024-01-01     |                41 |                    4 |           38 |          92.7
 2024-01-01     |                41 |                    5 |           40 |          97.6
 2024-01-01     |                41 |                    6 |           36 |          87.8
 2024-01-01     |                41 |                    7 |           36 |          87.8
 2024-01-01     |                41 |                    8 |           37 |          90.2
 2024-01-01     |                41 |                    9 |           39 |          95.1
 2024-01-01     |                41 |                   10 |           36 |          87.8
 2024-04-01     |                 4 |                    0 |            4 |         100.0
 2024-04-01     |                 4 |                    1 |            3 |          75.0
 2024-04-01     |                 4 |                    2 |            4 |         100.0
 2024-04-01     |                 4 |                    3 |            2 |          50.0
 2024-04-01     |                 4 |                    4 |            3 |          75.0
 2024-04-01     |                 4 |                    5 |            4 |         100.0
 2024-04-01     |                 4 |                    6 |            2 |          50.0
 2024-04-01     |                 4 |                    7 |            4 |         100.0
 2024-04-01     |                 4 |                    8 |            4 |         100.0
 2024-04-01     |                 4 |                    9 |            3 |          75.0
(21 rows)

